"p_val"	"avg_log2FC"	"pct.1"	"pct.2"	"p_val_adj"
"XIST"	1.56224968910166e-19	-1.25974307144311	0.048	0.352	4.14980384916074e-15
"PRDM1"	1.12584842810126e-17	-0.590723589419309	0.53	0.807	2.99059117956538e-13
"HCG4P5"	2.79018054863316e-16	0.445522401308888	0.837	0.599	7.41155659133426e-12
"KLRK1"	4.18352758735196e-16	1.16673499602411	0.215	0.054	1.1112704330283e-11
"RGS1"	1.05891358779131e-15	-0.313744792771068	0.797	0.933	2.81279216325005e-11
"TRDC"	2.08397385572883e-15	1.06392825808131	0.127	0.016	5.53565975297249e-11
"IFITM2"	3.69093849367798e-15	-0.285791953183165	0.801	0.938	9.80423992075682e-11
"STAT1"	1.10171879385402e-14	-0.532761948180116	0.53	0.771	2.92649563211443e-10
"TNFAIP3"	1.6276827704898e-14	-0.327451783871725	0.829	0.925	4.32361374325205e-10
"GBP5"	7.38320427029402e-13	-0.577790629523511	0.474	0.713	1.9612005503182e-08
"CD4"	2.14236367060215e-12	-0.44334599338511	0.614	0.823	5.69076061822049e-08
"NR4A2"	4.4190109851849e-12	0.471353627724247	0.725	0.544	1.17382188799466e-07
"UBE2L6"	2.19250624572109e-11	-0.560906231134019	0.39	0.589	5.82395434050894e-07
"CHI3L2"	5.58195756110523e-11	0.796061714909304	0.131	0.028	1.48273538695638e-06
"IFI6"	7.09584938732329e-11	-0.644758336388523	0.414	0.594	1.88487047275469e-06
"EGR1"	9.27957882810798e-11	0.709145626393191	0.422	0.235	2.46493452411032e-06
"TMEM173"	1.32676111241572e-10	-0.537165080916848	0.47	0.712	3.52427554290987e-06
"PSME2P2"	2.90011108593537e-10	-0.515053820055419	0.307	0.518	7.70356507757012e-06
"PSME2"	4.19432547058184e-10	-0.444332205772702	0.51	0.703	1.11413867475065e-05
"GAPDHP1"	6.43595193457832e-10	-0.366240705124946	0.466	0.677	1.70958191238204e-05
"FCGBP"	6.97188542778485e-10	0.41023692174515	0.104	0.019	1.85194192618249e-05
"RP11-159J3.1"	7.92555961628957e-10	-0.48484932910735	0.124	0.305	2.105266400875e-05
"SYNGR2"	1.29512349884633e-09	-0.519694710116328	0.398	0.598	3.4402365499855e-05
"SLC38A2"	1.31601630381948e-09	0.524119782568663	0.637	0.426	3.49573410783569e-05
"HLA-V"	1.5009498642119e-09	-0.56437093664587	0.116	0.303	3.98697312430608e-05
"DDX3Y"	1.66637374673571e-09	0.630034108613045	0.438	0.25	4.42638858345407e-05
"EPSTI1"	2.1259714340557e-09	-0.548755824364957	0.39	0.583	5.64721792028217e-05
"ISG15"	3.19656728234998e-09	-0.609678363583656	0.311	0.497	8.49104167210625e-05
"TRGC1"	4.02151814632136e-09	0.606523058440254	0.143	0.042	0.000106823586520734
"FGFR1"	4.60848628102949e-09	0.68313338074955	0.211	0.082	0.000122415221082986
"PSMB9"	4.99292988264977e-09	-0.467349562601089	0.458	0.653	0.000132627196472826
"RP11-1100L3.8"	5.25842655480532e-09	0.683828598575362	0.327	0.168	0.000139679584575294
"CD7"	7.6814606034078e-09	-0.440386199648614	0.538	0.705	0.000204042638008321
"HSPH1"	8.02693290769528e-09	0.562018584630561	0.558	0.401	0.00021321941882711
"DUSP4"	9.98100418209551e-09	-0.353093719828816	0.614	0.8	0.000265125414089003
"ENTPD1"	1.22990707771245e-08	-0.640149241138888	0.223	0.43	0.000326700217052759
"S100A4"	1.97890213376273e-08	-0.366016579574832	0.598	0.79	0.000525655773791394
"TMEM245"	2.6302450852528e-08	0.635089893900858	0.259	0.123	0.0006986720019957
"SELPLG"	2.76572110267279e-08	-0.476699143934279	0.414	0.619	0.000734658496502974
"CDC42SE2"	2.82525956748866e-08	-0.279854512158728	0.785	0.931	0.000750473698912014
"S1PR1"	3.33438190463134e-08	0.553470020510935	0.195	0.072	0.000885711865327224
"CXCR5"	4.53544657883266e-08	0.614338303695439	0.287	0.144	0.00120475067473532
"PSMB8"	5.17447283896676e-08	-0.383388766578783	0.506	0.694	0.00137449522021474
"RPL9P7"	5.38237073331684e-08	0.296361589999339	0.689	0.581	0.00142971913789095
"HLA-DPA1"	5.53704125550556e-08	-0.492577108602332	0.394	0.586	0.00147080426869994
"RGCC"	5.86450525286797e-08	0.585739864564139	0.406	0.249	0.00155778853031932
"RPS4Y1"	6.08241127939123e-08	0.51966197912149	0.586	0.37	0.00161567090814469
"RP11-274E7.2"	6.31384088707295e-08	-0.435276654341054	0.311	0.485	0.00167714555483319
"BTG2"	6.69284946554234e-08	0.400366062692131	0.689	0.515	0.00177782160353201
"CTLA4"	6.82873561073024e-08	-0.382881132026924	0.574	0.787	0.00181391704027827
"FOSB"	7.71005489197507e-08	0.362108268865591	0.741	0.596	0.00204802188095534
"NR4A1"	8.77380071513558e-08	0.566118486138713	0.422	0.264	0.00233058468396147
"ODC1"	1.01496414185102e-07	0.587807507671548	0.227	0.1	0.00269604924999886
"IFITM1"	1.2010880381752e-07	-0.304955629433351	0.637	0.785	0.00319045015580477
"RP11-737O24.3"	1.20782591027898e-07	0.464826042058354	0.227	0.104	0.00320834796547406
"SH2D2A"	1.23059719098472e-07	-0.368276796448447	0.534	0.686	0.00326883531841272
"HSP90AA6P"	1.23224603230339e-07	0.372957287216615	0.247	0.117	0.0032732151356075
"XAF1"	1.26392085959373e-07	-0.50344475299493	0.307	0.51	0.00335735297933883
"MIDN"	1.31368575963513e-07	0.364358870626663	0.307	0.158	0.0034895434833188
"RP4-765C7.2"	1.32973029727768e-07	-0.553519348614674	0.112	0.275	0.00353216258865871
"OAS3"	1.49864896031442e-07	-0.721378136607428	0.135	0.297	0.0039808612332832
"MX1"	1.608493286022e-07	-0.690601521162857	0.155	0.323	0.00427264071566024
"IL2RB"	1.95089541973534e-07	-0.320627736272943	0.61	0.732	0.005182163503443
"RN7SK"	2.1988111407684e-07	0.718266501320626	0.211	0.095	0.00584070203322309
"IFI44L"	2.34055866058039e-07	-0.764551156546557	0.064	0.205	0.00621722597009968
"YPEL5"	3.10041829785407e-07	0.288456240269099	0.677	0.59	0.00823564112458977
"ZBTB10"	4.45490889959211e-07	0.463904267664207	0.135	0.047	0.0118335745099865
"NAF1"	4.66199830103877e-07	0.632980054393895	0.223	0.107	0.0123836660870493
"CSRNP1"	5.20945424719434e-07	0.456657911514738	0.522	0.354	0.0138378733168223
"UTY"	5.30871340598638e-07	0.481151155460249	0.442	0.279	0.0141015354203216
"TCF7"	5.6203415145385e-07	0.479517122379565	0.43	0.262	0.0149293131650686
"LY6E"	5.68133339281869e-07	-0.366854955174245	0.49	0.652	0.0150913258913443
"CCR8"	6.57657454921678e-07	-0.708778117416023	0.135	0.291	0.0174693549750845
"TRGC2"	6.86943643378154e-07	0.682469149096683	0.147	0.056	0.0182472839990539
"CSF1"	7.7919568808295e-07	-0.686760246083561	0.068	0.2	0.0206977750625474
"FAM53C"	8.63788368246128e-07	0.578243349171163	0.271	0.145	0.0229448104257219
"ZNF275"	9.10281720278828e-07	0.475169713641193	0.159	0.062	0.0241798133357665
"TPI1P1"	9.7264994957429e-07	-0.396572323655674	0.351	0.502	0.0258365006105419
"CD8B"	1.01684112786125e-06	0.615189331733532	0.104	0.031	0.0270103508793785
"AES"	1.10532382037112e-06	0.477697410950542	0.422	0.266	0.0293607166405179
"METTL21A"	1.15809112886357e-06	0.570788613531936	0.283	0.157	0.030762374656003
"GBP4"	1.31838409293687e-06	-0.537213756671643	0.255	0.423	0.0350202366606822
"GAPDHP65"	1.68340166638501e-06	-0.307359827002247	0.382	0.548	0.0447161984641851
"CLNS1A"	1.77356568544814e-06	-0.554270557414374	0.239	0.406	0.047111225302559
"CTB-147C22.3"	1.82018003432228e-06	-0.508018765653426	0.008	0.1	0.0483494422517028
"TAP1"	2.1097443007842e-06	-0.335544394560879	0.602	0.743	0.0560411378617306
"MIR24-2"	2.11565023168008e-06	0.418078288234922	0.55	0.415	0.0561980171041181
"SLAMF7"	2.53592300458808e-06	0.597267637548276	0.112	0.037	0.0673617227708731
"NUCB2"	2.86548723877985e-06	0.622657898419113	0.235	0.121	0.0761159375237092
"ETV7"	3.55995169094275e-06	-0.592726092035902	0.167	0.314	0.0945629967665124
"ADAM19"	3.93963279288032e-06	-0.374413656887154	0.454	0.595	0.10464846587728
"CCDC64"	4.35155149452692e-06	0.517502656048567	0.327	0.198	0.115590262349119
"RASGRP2"	4.65608498525841e-06	0.412806107702638	0.131	0.049	0.123679585463419
"NFKBIA"	5.18925438420292e-06	-0.256612298043795	0.693	0.822	0.137842164207582
"RPS2P5"	5.4254994030607e-06	0.317674886630482	0.653	0.523	0.144117540643501
"GSE1"	5.68574871771735e-06	0.415017310909981	0.215	0.107	0.151030543188726
"BAG3"	5.76087725746266e-06	0.714571735981203	0.203	0.106	0.153026182589981
"WDR74"	5.99483949344347e-06	0.544900633087289	0.418	0.291	0.159240921464339
"OAS1"	6.67887583957645e-06	-0.647912828210494	0.112	0.247	0.177410978926669
"FLII"	7.24572013369355e-06	-0.458586641794907	0.311	0.479	0.192468063911302
"CXCR3"	7.25945736527329e-06	-0.42865838985932	0.378	0.539	0.192832965993754
"APOBEC3D"	7.52243577968018e-06	-0.448603638743563	0.363	0.509	0.199818461615645
"SIK1"	7.71605875834307e-06	0.454830647049518	0.43	0.299	0.204961668797867
"ZNF331"	8.44296020111523e-06	0.252387643009392	0.709	0.642	0.224270351822224
"LMNA"	9.53704069611404e-06	0.504023282521425	0.402	0.281	0.253332412010877
"IFI44"	9.7585293218776e-06	-0.677702969967736	0.084	0.205	0.259215814377035
"KDM5D"	1.01738264003721e-05	0.461205282599586	0.319	0.186	0.270247350673083
"FOXP3"	1.43855640080701e-05	-0.436233087796278	0.343	0.487	0.382123736746365
"ABLIM1"	1.48861437716146e-05	0.497167252546323	0.335	0.207	0.395420637005398
"PILRB"	1.51118699860912e-05	0.469848814346485	0.378	0.253	0.401416602440542
"ATP5E"	1.53860697319142e-05	-0.267971258989528	0.582	0.717	0.408700170288837
"HLA-DRB1"	1.80814172157396e-05	-0.356144618858978	0.422	0.555	0.480296685501691
"KCNA3"	1.85612475788907e-05	0.41188084958226	0.207	0.102	0.493042419438074
"APOL2"	1.92609747944226e-05	-0.432510603340324	0.335	0.477	0.511629273464246
"GTF2IP1"	1.97537156225799e-05	0.27057283657536	0.151	0.067	0.524717948082589
"GUCD1"	2.03791339377577e-05	0.491472327401794	0.183	0.089	0.541330934788659
"PLEC"	2.04235531942622e-05	0.365553135087169	0.466	0.327	0.542510843499187
"RGPD5"	2.06268240515067e-05	0.310044531228384	0.665	0.556	0.547910327280172
"GTF2I"	2.15901845669928e-05	0.461422117633726	0.426	0.304	0.573500072653029
"CHORDC1"	2.18864927979008e-05	0.426137786297478	0.466	0.344	0.58137090819064
"RP11-44N11.1"	2.32505420854978e-05	0.293340212199318	0.12	0.045	0.617604149417078
"P2RY8"	2.40375771157737e-05	0.473522292387248	0.351	0.232	0.638510160926296
"VDR"	2.55121042975452e-05	-0.499062963969187	0.191	0.328	0.677678026455692
"TUBB4B"	2.55223956204858e-05	0.386087733839221	0.502	0.378	0.677951394866965
"SLC5A3"	2.71257015679741e-05	0.454323656466151	0.315	0.204	0.720540010750095
"SLAMF1"	2.77015759737067e-05	-0.457643050725901	0.271	0.426	0.735836962589572
"IFI16"	2.88091895027456e-05	-0.30432801422114	0.526	0.681	0.765258500761431
"BRK1"	3.34639849834856e-05	-0.355870506328326	0.426	0.565	0.888903833116328
"TMEM87B"	3.45409103835514e-05	0.499372916014316	0.195	0.101	0.917510202518276
"DNPH1"	3.47168315377993e-05	-0.443287056843501	0.327	0.473	0.922183196138562
"H2AFV"	3.62520500960811e-05	0.467322155851362	0.343	0.211	0.962963206702201
"SESN2"	3.69056379678485e-05	0.467978569174104	0.195	0.101	0.980324461339959
"TNFRSF18"	3.73197148526648e-05	-0.309731042279811	0.514	0.649	0.991323585631336
"KLF12"	3.93855996240102e-05	0.392712381507451	0.49	0.373	1
"IL2RA"	3.99826079071423e-05	-0.536557263360609	0.219	0.348	1
"MIER1"	4.51800846141256e-05	-0.323457220421623	0.482	0.612	1
"PRKY"	4.77797571540998e-05	0.357737153692461	0.199	0.101	1
"LGALS1"	4.79592951879821e-05	-0.602533481027918	0.127	0.25	1
"RP11-347P5.1"	4.86554634345486e-05	-0.273390738209946	0.562	0.732	1
"RGPD6"	5.17306923655463e-05	0.352587132857313	0.514	0.386	1
"IL7R"	5.21282074035995e-05	-0.382876906508682	0.382	0.541	1
"MVP"	5.87478759701617e-05	-0.367740000578581	0.434	0.547	1
"ETF1"	6.22836158991784e-05	0.383366957636019	0.506	0.378	1
"REL"	6.89861834095414e-05	0.354657563790625	0.586	0.468	1
"TNFRSF4"	7.11833844897586e-05	-0.348582367041145	0.422	0.541	1
"GPR171"	7.12836847903886e-05	-0.56935625565803	0.155	0.279	1
"ALDOC"	7.2903266778415e-05	-0.613195277661884	0.052	0.146	1
"ARHGAP26"	7.41300625529041e-05	0.440771896739786	0.203	0.109	1
"ITGA5"	7.52857375703621e-05	0.357411685370461	0.131	0.057	1
"AC017002.1"	7.73646333854581e-05	-0.447443976294948	0.319	0.454	1
"CEACAM1"	7.79951002852223e-05	-0.561086934398124	0.04	0.129	1
"TCP1"	7.92084875997426e-05	0.330931604339169	0.478	0.407	1
"PARP9"	8.03427367603249e-05	-0.390207184956415	0.315	0.454	1
"SETD1B"	8.08747192917305e-05	0.281340597071919	0.311	0.186	1
"CHCHD3"	8.1639979089742e-05	0.311593007279026	0.562	0.43	1
"RP11-216M21.1"	8.39886302687257e-05	0.423270620402601	0.135	0.061	1
"STARD7"	8.57635930197443e-05	-0.407273957566939	0.351	0.472	1
"PILRA"	8.66212175975022e-05	0.309850582931795	0.108	0.043	1
"CTSB"	8.771628024731e-05	-0.252803965696233	0.602	0.722	1
"VAMP5"	8.81818242725787e-05	-0.516235390770502	0.155	0.277	1
"ANKS3"	9.11754418301538e-05	0.425775155430972	0.12	0.05	1
"TPP1"	9.28049348846646e-05	-0.272527310992968	0.562	0.688	1
"TNFRSF1B"	9.32214753898741e-05	-0.299780666676314	0.546	0.673	1
"GUK1"	9.36980218071985e-05	-0.322794637088125	0.482	0.598	1
"FAM13A"	9.57576714537928e-05	0.418030940794946	0.171	0.086	1
"NOP56"	9.65815768199898e-05	0.427201447275925	0.343	0.228	1
"NXF1"	9.91709034914374e-05	0.379078055956645	0.51	0.398	1
"IL12RB2"	0.000105941480720689	-0.491827260009033	0.247	0.365	1
"RASGEF1B"	0.000106325645793801	0.435264685365565	0.343	0.228	1
"LAYN"	0.00010655466143166	-0.55442981074373	0.143	0.25	1
"TXK"	0.000108721199119719	0.485251361613663	0.143	0.068	1
"LDOC1L"	0.000110406395032937	0.341496678891867	0.127	0.056	1
"ZFAND2A"	0.000116309690545703	0.488969388559114	0.235	0.135	1
"IL10RB"	0.000120832973408874	-0.465399512228827	0.183	0.304	1
"TMEM2"	0.000123612478509381	0.275897572562787	0.713	0.623	1
"CCR5"	0.000124719965645847	-0.473263311111221	0.187	0.314	1
"HERC6"	0.000127217170851379	-0.497444149098576	0.068	0.167	1
"PRDM8"	0.000128610046938138	0.346779422549572	0.124	0.054	1
"LA16c-3G11.7"	0.000130554047602627	-0.386981390477401	0.207	0.329	1
"NPIPB11"	0.000131349769679491	0.250402771005984	0.586	0.469	1
"SCAMP2"	0.000131398495315764	-0.420784440338187	0.299	0.425	1
"ACTN4"	0.000134267342495955	-0.358378551541142	0.378	0.522	1
"SPSB1"	0.000144676269717331	0.370965993325727	0.12	0.052	1
"CXCR6"	0.000147530990347464	-0.471251199419457	0.271	0.413	1
"PHF20L1"	0.000150251577479541	0.485370020677705	0.259	0.161	1
"DCAF10"	0.000152931923402535	0.474938581143514	0.12	0.053	1
"LETM2"	0.000155774003942472	0.318240936741131	0.12	0.051	1
"NUDT3"	0.000167722705696552	0.390163297336064	0.195	0.109	1
"CTB-119C2.1"	0.000169255622267341	0.458515000945655	0.339	0.232	1
"IFITM3"	0.000170553873477434	-0.357291796319657	0.319	0.448	1
"HNRNPU"	0.000171710236426849	0.25561138613948	0.677	0.577	1
"ACP5"	0.000172690559681131	-0.460730901612451	0.191	0.325	1
"CDKN1A"	0.000173993432048301	0.401096763955626	0.382	0.272	1
"CCR4"	0.000180745797586363	-0.447737802411	0.187	0.306	1
"FTH1P8"	0.000182420859709551	-0.340277569173823	0.124	0.234	1
"MAZ"	0.000182720489388281	0.41874811257762	0.327	0.218	1
"GBP2"	0.000183918964893415	-0.297517837096912	0.562	0.695	1
"FCRL3"	0.000184346408464321	-0.44527635659886	0.187	0.316	1
"BST2"	0.000184419012488611	-0.343532037969966	0.323	0.444	1
"HSPA6"	0.000185827675045379	0.583245887065463	0.104	0.043	1
"RBM25"	0.000186655036858312	0.359270524255831	0.534	0.427	1
"GZMK"	0.000193146482888554	0.537090248377427	0.195	0.109	1
"RP11-192H23.5"	0.000198903860676087	-0.524447853639102	0.04	0.123	1
"TMCO3"	0.000203372111793366	0.329093131614504	0.1	0.04	1
"PPDPF"	0.000209938967948555	-0.367469870796591	0.179	0.299	1
"CCND2"	0.000213952096409118	-0.292196030749287	0.53	0.672	1
"SLC35E1"	0.000225140797628234	0.362937012058444	0.187	0.1	1
"NFE2L3"	0.000227139222537924	0.348709179933358	0.171	0.09	1
"HLA-DRB5"	0.000243722613734553	-0.374373267432342	0.39	0.491	1
"MAST4"	0.000250983446825154	-0.350727705927663	0.171	0.299	1
"PPP4R2"	0.000254941078546017	0.357833064330538	0.331	0.219	1
"SLC7A1"	0.000256932626145323	0.34349476495096	0.167	0.087	1
"KDM6B"	0.000261580217279686	0.37663681939529	0.41	0.301	1
"RPS4XP2"	0.000270410608578767	-0.262808905943076	0.259	0.376	1
"SP100"	0.000281261648860926	-0.256651587707074	0.669	0.785	1
"MCTP1"	0.00028572472478414	0.571259716464471	0.112	0.051	1
"GRAMD3"	0.00028681862082105	0.442656227286812	0.235	0.142	1
"RNF145"	0.000289812438391656	-0.441074254981736	0.116	0.216	1
"RHOC"	0.000295536725041207	-0.442005857815256	0.263	0.379	1
"RPSAP15"	0.000299370136581447	-0.277126776231883	0.41	0.536	1
"OAS2"	0.000302343744518646	-0.459366891497076	0.215	0.327	1
"RPN1"	0.000309154616421838	-0.344997892193313	0.454	0.555	1
"GPR174"	0.000310217357029629	-0.420924793046626	0.195	0.312	1
"FTH1P23"	0.000335725132543855	-0.319101231536384	0.151	0.266	1
"ANKHD1-EIF4EBP3"	0.000336067450394917	0.342312844233881	0.187	0.104	1
"SYTL3"	0.000352862703414563	-0.4181110799895	0.319	0.434	1
"RP4-583P15.14"	0.000355057806657339	0.436324811400147	0.291	0.198	1
"TSPAN32"	0.000357644659826008	0.487941802718341	0.135	0.067	1
"STOM"	0.000364370230307884	-0.445118820509743	0.219	0.336	1
"SHISA5"	0.000364759793649325	-0.289430916698933	0.478	0.581	1
"ATM"	0.000367248086361483	0.335848287692911	0.438	0.319	1
"NOTCH1"	0.000369741090294764	0.349247556802585	0.351	0.241	1
"HERC5"	0.000375879302136542	-0.479508797258262	0.064	0.148	1
"TIMP1"	0.000376362658717095	-0.516868435741868	0.116	0.219	1
"POM121"	0.000381730536189958	0.292990311589141	0.406	0.286	1
"UAP1"	0.000383036577512879	0.474497209212763	0.131	0.065	1
"NAIP"	0.000384234841888957	0.361250301259603	0.207	0.119	1
"LGALS3"	0.000386982993961462	-0.462366116374558	0.199	0.306	1
"RP11-290L1.3"	0.000392444286028245	-0.369105485579435	0.311	0.445	1
"MYO18A"	0.000396033897776995	-0.391377708827657	0.235	0.348	1
"NUDT5"	0.000418830531645277	-0.405004026115077	0.227	0.354	1
"TRIM59"	0.000421651655348228	-0.380143027815728	0.315	0.422	1
"TAP2"	0.000422470178379103	-0.366975515786541	0.199	0.313	1
"SEC14L1"	0.000423314286383654	-0.404922861424493	0.219	0.336	1
"OASL"	0.000423727537046893	-0.479416037110125	0.163	0.269	1
"TMEM248"	0.000433304568002027	0.441177484346639	0.183	0.104	1
"SNX29P2"	0.000451626232138866	0.25540523681043	0.713	0.63	1
"SFPQ"	0.000453247414246246	0.305140381880895	0.59	0.487	1
"MTRNR2L1"	0.000457943495572519	0.281965502147001	0.721	0.736	1
"LCORL"	0.000466166726754765	0.303178672615526	0.135	0.066	1
"ALMS1"	0.000494028991416116	0.425888338639013	0.135	0.069	1
"PHLDA1"	0.000512973770302033	-0.298907233751817	0.446	0.603	1
"NPHP3"	0.000533637748252298	0.297425063264561	0.139	0.069	1
"CMC2"	0.000533752624957307	-0.415957961915299	0.263	0.365	1
"TMUB2"	0.000534206534119694	-0.470015042715132	0.108	0.205	1
"CSNK2A2"	0.000541792419245635	0.363542943665735	0.319	0.217	1
"NPIPB6"	0.00054192033750739	0.271350148083567	0.151	0.079	1
"HIVEP2"	0.00054525640570443	0.381818818027453	0.351	0.254	1
"SP110"	0.000548950102474539	-0.269542209620651	0.474	0.573	1
"NCF4"	0.000549406428799527	-0.41771272977547	0.219	0.326	1
"FRMD4B"	0.000556989953931403	-0.442727734242671	0.155	0.263	1
"TNFRSF10B"	0.000560142301799763	0.487810771758236	0.187	0.109	1
"PRKCQ-AS1"	0.000571421218016738	0.427549268854533	0.143	0.073	1
"RP11-841O20.2"	0.00058908792295594	-0.397503055295651	0.251	0.365	1
"RP11-1399P15.1"	0.00059046177987816	-0.501872949306627	0.116	0.208	1
"STAMBPL1"	0.000607354911452825	-0.471600081226005	0.211	0.31	1
"PNPLA2"	0.00060841959756469	0.387437884531132	0.187	0.106	1
"DLEU2"	0.000612857810037639	0.387062491245426	0.124	0.06	1
"IFRD1"	0.000629553437603129	0.27979262882397	0.538	0.447	1
"RARRES3"	0.00064292726873912	-0.29014336865706	0.442	0.553	1
"DEDD2"	0.000646388229724953	0.348424672309438	0.426	0.334	1
"DCP2"	0.000648832916534742	0.332417313955752	0.45	0.342	1
"GLA"	0.000653393839550325	0.497143126668513	0.183	0.106	1
"CPNE8"	0.000669062906837768	0.338153747628404	0.159	0.085	1
"EIF2AK2"	0.000678200581842373	-0.50229760915486	0.155	0.251	1
"ANP32A"	0.00068220238523322	-0.311829365409381	0.339	0.462	1
"ZNF10"	0.000686709488397941	0.373131513148109	0.104	0.047	1
"NUP54"	0.000703877008061395	-0.478508202086478	0.072	0.154	1
"INSIG1"	0.00070399180680369	0.387780743212418	0.303	0.204	1
"LINC00342"	0.00071495166025008	0.294526884510675	0.155	0.083	1
"BHLHE40"	0.000718145166650929	-0.358455072504348	0.255	0.393	1
"THAP5"	0.000750438240537592	-0.450267474350334	0.12	0.215	1
"RP11-153M3.1"	0.000750789867065616	0.280205485340359	0.279	0.191	1
"HAPLN3"	0.000759826611530525	-0.40414658852607	0.175	0.284	1
"KIAA0930"	0.000775055336757653	0.251263181407797	0.116	0.054	1
"SAMD9L"	0.000779969144801962	-0.389838975710507	0.203	0.314	1
"RBPJ"	0.00078138637336846	-0.265299740003594	0.518	0.628	1
"CTR9"	0.000781870211925652	0.370021678906615	0.251	0.157	1
"RP11-256P1.1"	0.00078794904675306	0.382702846243311	0.135	0.069	1
"DLD"	0.0007915897910298	-0.407087972599246	0.223	0.336	1
"NBPF24"	0.000798187419029002	0.334106904866632	0.259	0.168	1
"DCPS"	0.000800611534033683	-0.492256281350599	0.076	0.159	1
"MRPL18"	0.000834293348478039	0.417479697691909	0.275	0.19	1
"TRIM22"	0.000841992512687698	-0.268706519227086	0.502	0.608	1
"ERO1L"	0.000843352989190157	-0.340727145033214	0.307	0.412	1
"LEF1"	0.00087936486303762	0.366701322439586	0.323	0.221	1
"SNHG8"	0.000916974430336887	0.367677684156714	0.371	0.268	1
"STAG3L5P-PVRIG2P-PILRB"	0.000918609725190119	0.39725595899412	0.251	0.166	1
"WDR26"	0.000927891532036389	0.399107509542164	0.371	0.279	1
"RHBDD2"	0.00094303992605088	-0.305566494356229	0.454	0.557	1
"TMEM208"	0.000946650923497075	-0.534073284563306	0.076	0.157	1
"MED13L"	0.000949524836249221	0.455050958935327	0.207	0.131	1
"ID2"	0.000985629755283401	-0.272971201277388	0.438	0.552	1
"RBM14"	0.000996510207244464	0.398102581596947	0.327	0.228	1
"MORF4L1P1"	0.00101101526281804	-0.294534899700988	0.263	0.375	1
"DR1"	0.00101243433922954	-0.287113010886519	0.482	0.605	1
"FANCL"	0.00102682909305877	-0.41973640768842	0.104	0.193	1
"PFKFB3"	0.00103586252254154	-0.295525655789687	0.386	0.516	1
"PRRC2B"	0.00104400801265487	0.325968579042136	0.47	0.373	1
"NOTCH2"	0.00105562025718425	-0.298501566464338	0.283	0.403	1
"DYNLL1"	0.00108389820079957	0.268272296031467	0.47	0.384	1
"APRT"	0.00111193273308346	-0.251713814084627	0.442	0.529	1
"SMCO4"	0.001119619599637	0.442180334052085	0.159	0.087	1
"UBA7"	0.00113097032994866	-0.403168302142626	0.215	0.32	1
"ZNF507"	0.00113931329969181	0.375509616768395	0.199	0.121	1
"FAM210A"	0.00115421236308744	0.323634691374095	0.112	0.053	1
"GUSBP3"	0.00115845256042276	0.301961363872873	0.211	0.128	1
"FAM120C"	0.0011593740605791	0.28714497152159	0.112	0.053	1
"ANKHD1"	0.00118642080201871	0.288675824891542	0.53	0.412	1
"TP53INP1"	0.00120360764351132	-0.271790074949097	0.414	0.548	1
"CCDC12"	0.00120657329791427	-0.364431890845787	0.223	0.326	1
"MICAL2"	0.0012119844805248	-0.362473144919834	0.231	0.338	1
"LIME1"	0.00121819599954255	0.379083602060195	0.315	0.224	1
"LRRC58"	0.00122055313811786	0.325583503889035	0.219	0.136	1
"VPS13B"	0.00122681375761583	0.31598685398572	0.446	0.343	1
"CDK16"	0.00122965536981539	0.357728625218687	0.271	0.178	1
"CCDC109B"	0.00125791024191117	0.383541315192043	0.247	0.158	1
"EGR2"	0.00126110652493671	0.442521008236042	0.163	0.094	1
"TXNL4B"	0.00126584151224598	0.42780575798403	0.147	0.081	1
"MDH1"	0.00128101630584624	-0.363526545470293	0.311	0.425	1
"EP300"	0.001314108022912	0.273191793521306	0.462	0.358	1
"PCNXL2"	0.00134042966377935	0.285449267991217	0.39	0.278	1
"LIMK2"	0.001351914421186	0.356997885279079	0.279	0.186	1
"KPNA2"	0.00137721332659491	0.335504972362298	0.323	0.222	1
"IL1R1"	0.00137922235035751	-0.386552114364887	0.06	0.133	1
"APOL3"	0.00138509527746158	-0.427621104646214	0.131	0.224	1
"NKRF"	0.00141372117656882	0.339834895599331	0.139	0.075	1
"SP140"	0.00144112735964371	-0.321426496886792	0.331	0.447	1
"ITGA4"	0.00144535172263088	-0.297870425757012	0.486	0.615	1
"TC2N"	0.00145719902754193	0.422592462176968	0.279	0.195	1
"PDPK2"	0.00146493823158006	0.280252437642693	0.127	0.066	1
"RP4-583P15.15"	0.00148586783699068	0.311373442463203	0.227	0.15	1
"MYADM"	0.00149841288442429	0.287488433144304	0.442	0.334	1
"NAA38"	0.00150018227362996	-0.403787742945788	0.195	0.299	1
"PARVG"	0.00150931679108248	0.329174905867326	0.474	0.379	1
"EIF1AD"	0.0015145854865041	0.386871035898653	0.263	0.176	1
"INTS6"	0.00151937827457367	0.305760414469962	0.151	0.083	1
"ANXA2R"	0.0015222662351544	0.36168282477301	0.124	0.064	1
"MAT2A"	0.00153416721421821	0.270338884847518	0.526	0.445	1
"NKG7"	0.00155372341062659	0.68795512642749	0.171	0.109	1
"CREB1"	0.00156908005364122	0.365845469291976	0.371	0.269	1
"RP11-386G11.10"	0.00159248462540063	0.272036876173731	0.562	0.463	1
"CSNK1G2"	0.00166318819150094	0.324070303698683	0.135	0.073	1
"HCG18"	0.00167512379588579	0.372888315607606	0.347	0.257	1
"KDM5A"	0.00169450298081008	0.313516261264535	0.498	0.417	1
"IKZF4"	0.00169613486399948	-0.401562903616811	0.151	0.247	1
"PAN2"	0.00174747714613386	0.273672729391232	0.12	0.06	1
"PSMB6"	0.00175847497845696	-0.311616402440032	0.363	0.49	1
"RP3-395M20.8"	0.00176691904168626	-0.35940890153634	0.112	0.196	1
"MYCBP2-AS1"	0.00177383759407215	0.404443600133574	0.151	0.086	1
"IVNS1ABP"	0.0017919340165326	0.282993042975178	0.538	0.444	1
"DDX60"	0.00179741330648567	-0.45781847337406	0.151	0.236	1
"USP9Y"	0.00180308690330319	0.330874751899002	0.255	0.169	1
"AC021593.1"	0.00185044408223758	0.312509625375022	0.151	0.085	1
"SLFN5"	0.00187479259435332	-0.309510116845715	0.414	0.506	1
"BTG3"	0.0018805783832544	-0.337945315771772	0.315	0.439	1
"CASP1"	0.00189867860412484	-0.394882745557008	0.267	0.367	1
"SPPL2A"	0.00192229595352322	-0.353593637651579	0.187	0.292	1
"ERV3-1"	0.00193099222718119	0.368066767202402	0.12	0.062	1
"GCN1L1"	0.00193836407703449	0.307744978451977	0.255	0.167	1
"KIAA1671"	0.00194404129492721	0.366230804182752	0.131	0.072	1
"SRRT"	0.00197252042557471	0.356053827577699	0.339	0.245	1
"IL18R1"	0.00199258871351759	-0.33852842967734	0.195	0.302	1
"ABHD17A"	0.00200727921098065	0.335296020502136	0.131	0.07	1
"HBP1"	0.00201973826366217	0.337953463433193	0.414	0.33	1
"FTH1P7"	0.00205573160417472	-0.252344903903825	0.359	0.444	1
"DTX3L"	0.00206828509307728	-0.312374677593657	0.243	0.343	1
"TUBA1B"	0.00207188007763884	0.270256334408202	0.625	0.54	1
"RP11-78A19.3"	0.00208285049566967	0.369636647198629	0.307	0.226	1
"ZDHHC20"	0.0021011784872315	0.392767980683509	0.195	0.123	1
"DND1"	0.00211383493398757	-0.265726330448	0.052	0.119	1
"AHI1"	0.00213206838315588	0.304723469383742	0.371	0.261	1
"GBP1"	0.00215793285278041	-0.367557778509729	0.243	0.35	1
"PTK2B"	0.00218556287039693	0.260098443709731	0.526	0.426	1
"WDFY1"	0.00222327713511951	-0.394698095016239	0.191	0.285	1
"CHD1"	0.00223879506457867	0.264647742267617	0.582	0.481	1
"A2M"	0.00224053545165574	0.320014743810896	0.112	0.057	1
"ZBTB1"	0.00225107944828449	0.344198837112051	0.382	0.301	1
"RRP12"	0.00225276010134977	0.346168216457034	0.127	0.068	1
"RNASET2"	0.00226391043257129	0.341999979067111	0.398	0.3	1
"DCAF8"	0.00227791766929241	0.275067975678234	0.506	0.397	1
"LINC00861"	0.00229670083141471	0.354636044613866	0.283	0.194	1
"RGS2"	0.00233760284457039	0.268817905325268	0.542	0.465	1
"PSMA6"	0.00234617409671653	-0.300902577095295	0.382	0.497	1
"SMURF1"	0.00236042501166905	0.439496028138897	0.127	0.072	1
"TYMP"	0.00238529270171913	-0.312774194008432	0.251	0.369	1
"XBP1"	0.00240003988078637	0.377901106633855	0.211	0.134	1
"ORC4"	0.00240024356671922	0.2743761044582	0.231	0.148	1
"CHRM3-AS2"	0.00240413868254129	0.350253688226496	0.171	0.102	1
"ATP1A1"	0.0024154482856009	0.323363560169335	0.43	0.329	1
"ATP5C1"	0.00242581679445801	-0.320012298811799	0.355	0.462	1
"CDC42P6"	0.00245499526533955	-0.300201111953963	0.247	0.348	1
"S1PR4"	0.00248338183377405	0.388043776306822	0.147	0.085	1
"PMS2"	0.00249005862387895	0.267089930351478	0.1	0.049	1
"LTA"	0.00250219693364946	-0.430045598592886	0.159	0.245	1
"ZBP1"	0.0025037398075501	-0.406438868684747	0.116	0.199	1
"NDEL1"	0.00253006187438572	0.350473060696153	0.367	0.277	1
"IRS2"	0.00253889240215175	0.342380449741415	0.155	0.092	1
"SNHG5"	0.00254782460778494	0.271109805403657	0.566	0.484	1
"CDC16"	0.00256030733243744	0.403421674456578	0.135	0.076	1
"SAMHD1"	0.00258014413682984	-0.326669870858757	0.355	0.463	1
"C11orf83"	0.00258205398243721	0.273908202872447	0.147	0.082	1
"STAG3"	0.00258297699125356	0.326630375886214	0.263	0.184	1
"C5orf24"	0.00258906998376973	0.316367224600802	0.112	0.057	1
"NDUFA10"	0.00261858440434137	0.324075961083088	0.426	0.342	1
"TALDO1"	0.00263507675031393	-0.366479232180205	0.251	0.364	1
"CTSW"	0.00263908477471874	0.432912693997274	0.12	0.065	1
"ATHL1"	0.00265737877628892	0.279492947617607	0.394	0.293	1
"MIAT"	0.00269660849966549	-0.303457459411488	0.394	0.498	1
"CHMP2A"	0.00273125877754469	-0.322309755696982	0.287	0.38	1
"KLF9"	0.00275011002434877	0.336041299286485	0.108	0.056	1
"BZRAP1-AS1"	0.00277516530359069	0.310156526241734	0.143	0.081	1
"C3orf58"	0.00278420454463059	0.371760715857003	0.155	0.092	1
"C19orf60"	0.00280593248536073	-0.312931886385361	0.351	0.435	1
"SDE2"	0.00280843556873748	0.287553941542734	0.199	0.124	1
"RPN2"	0.00283507820506332	-0.265124537067324	0.402	0.518	1
"RP11-21J18.1"	0.00284716281996629	-0.403242440989598	0.155	0.237	1
"TRAPPC1"	0.0028507036011216	-0.266214307726333	0.39	0.464	1
"CRLS1"	0.00288273025149468	0.398689856695299	0.116	0.061	1
"JMJD6"	0.00289584061773495	0.361338406259535	0.283	0.202	1
"COPS3"	0.00290906841037929	0.334083343165327	0.235	0.156	1
"AC016708.2"	0.00291593833962842	-0.327466470717652	0.06	0.126	1
"AKAP2"	0.00296677870080139	-0.343409463034504	0.088	0.166	1
"RBM17"	0.00298519392039453	-0.33375233712997	0.295	0.409	1
"RNF7"	0.00301672313054162	-0.359659426168659	0.255	0.337	1
"MAP1LC3A"	0.00303414331984936	-0.405182160003754	0.147	0.235	1
"LARP4B"	0.00308635297459776	0.303104914396828	0.458	0.375	1
"ZNF646"	0.00314473461109498	0.27744519015053	0.127	0.069	1
"TM9SF3"	0.00319163638363372	0.273121932578259	0.279	0.191	1
"ARHGEF18"	0.00321590990005078	0.337571284309678	0.163	0.098	1
"SLC16A7"	0.00326573241206975	0.384295827851375	0.127	0.07	1
"NDUFA9"	0.00326651629424618	-0.389125592823932	0.159	0.251	1
"SEMA4A"	0.00326941964196279	0.336201268133561	0.139	0.078	1
"GGCX"	0.0032833093996502	0.302600516133069	0.183	0.112	1
"H2AFX"	0.00333805493338108	0.267072925188087	0.159	0.093	1
"GALM"	0.00334713463263382	-0.28639053156946	0.442	0.538	1
"NLK"	0.00340968332785891	0.30516332134865	0.1	0.05	1
"BTN3A1"	0.00341026022593286	-0.289097778941387	0.386	0.481	1
"UBA3"	0.00342881687827957	-0.39174248003968	0.223	0.308	1
"SBNO1"	0.00346425100249158	0.264779383044407	0.494	0.389	1
"CCDC91"	0.00347763746639533	0.336025701350674	0.323	0.236	1
"RASSF1"	0.00355912112954834	0.376665639690545	0.239	0.161	1
"RP11-640M9.1"	0.0035722795320871	0.356635291294253	0.251	0.175	1
"STAG3L5P"	0.00358833187549109	0.355015411164255	0.211	0.14	1
"IFI30"	0.0035983342721998	-0.463178778225423	0.06	0.123	1
"RNF168"	0.0036077796348639	0.283211962575759	0.367	0.267	1
"GOLPH3L"	0.00362059777832842	0.261109380975057	0.104	0.052	1
"GLUL"	0.00363194339872814	-0.314559413638451	0.044	0.104	1
"PDE4B"	0.00367123299859441	-0.274902977024916	0.418	0.539	1
"CISH"	0.00368119992429096	-0.454635475700076	0.064	0.129	1
"GUSBP9"	0.00368653349320641	0.35371972017729	0.151	0.09	1
"IL12RB1"	0.0037198583947182	-0.371920857618938	0.199	0.288	1
"STK17A"	0.00376782538590613	0.331113403073345	0.319	0.234	1
"EEA1"	0.00379051845845102	0.325598083217129	0.12	0.065	1
"HLA-DQA1"	0.00381953261220746	-0.449048313765967	0.147	0.227	1
"SFXN3"	0.00382904256805039	-0.450859526535714	0.131	0.205	1
"FAM21B"	0.00384257390415293	0.34553187845432	0.147	0.087	1
"AP006216.11"	0.00393522038398362	0.283870493435952	0.104	0.053	1
"INTS1"	0.00393729309431412	0.364915378268689	0.183	0.116	1
"HLA-U"	0.00396012687867803	-0.360807689017899	0.167	0.258	1
"TNIK"	0.00398196213040744	-0.291974800513195	0.307	0.405	1
"ECH1"	0.00399532822678284	-0.255513512406496	0.438	0.543	1
"PITPNC1"	0.00400753976474974	0.308220155836814	0.187	0.118	1
"RIF1"	0.00402302964460935	-0.276069246023965	0.215	0.318	1
"AOAH"	0.00410182355583899	0.368341185082305	0.139	0.082	1
"ACOT2"	0.00415428778221647	-0.389899851563602	0.076	0.143	1
"IMP3"	0.00415897382274183	-0.407152196668699	0.167	0.245	1
"CISD2"	0.00422924337621635	-0.414257931787702	0.155	0.241	1
"RNASEH2B"	0.00433986038666205	0.36585253775153	0.235	0.161	1
"ABCF1"	0.00437071104362425	0.329100403807873	0.327	0.243	1
"CNOT11"	0.00437354395178894	0.327086380323661	0.151	0.091	1
"RSRC1"	0.00441494397405591	-0.333012398048739	0.191	0.28	1
"RABEP1"	0.00443946688389286	0.281563780680913	0.303	0.215	1
"LGALS3BP"	0.00444572488564799	-0.42678584376659	0.104	0.175	1
"PTPN13"	0.00445806866938358	-0.331506825682782	0.1	0.174	1
"NABP2"	0.00448396005406638	-0.404313637165132	0.096	0.167	1
"CREBRF"	0.00449774430885866	0.329362278631408	0.299	0.218	1
"AHCTF1"	0.00451214848003887	0.250985869609373	0.191	0.12	1
"MGA"	0.00453524722994652	0.288250029724501	0.295	0.21	1
"IKBKB"	0.00455132626345056	-0.28201237168864	0.287	0.394	1
"TMED3"	0.00457492727568631	-0.366396469259797	0.112	0.188	1
"TRIM52"	0.00457886132913167	0.380347012064725	0.127	0.073	1
"APOL6"	0.00457944099445745	-0.279610102006326	0.351	0.443	1
"EMC4"	0.00458587609565062	-0.367966247398396	0.239	0.329	1
"TTTY15"	0.00471125602451881	0.305464509415713	0.271	0.184	1
"PDIA6"	0.00476194181269996	-0.275741286414928	0.347	0.44	1
"NUCB1"	0.00477592691921619	-0.278655527548169	0.363	0.449	1
"PLEKHM1"	0.00482153929227125	-0.292141652707306	0.235	0.329	1
"TNFRSF9"	0.00483840351493766	-0.37408817502378	0.163	0.251	1
"OSGEP"	0.00488066789717251	0.412048434650049	0.167	0.103	1
"SIAH2"	0.00489049638409138	0.303012619411394	0.135	0.078	1
"FBXW5"	0.00492042456872586	-0.326634259350665	0.227	0.327	1
"RLTPR"	0.00492989989108713	0.27835675325467	0.116	0.062	1
"RP11-490H24.5"	0.00493250505990161	-0.343487117439869	0.179	0.252	1
"EXOC3"	0.00498006250377022	0.352679372705651	0.159	0.098	1
"ALG13"	0.00510734081423899	0.311712185792323	0.339	0.247	1
"ERP44"	0.00514268140598997	-0.270450674521353	0.275	0.375	1
"TERF2IP"	0.00515978995190486	0.309458342334014	0.347	0.263	1
"KLRB1"	0.00518666190615634	-0.316189536001951	0.259	0.35	1
"DND1P1"	0.0052648704997249	-0.278049135997929	0.044	0.101	1
"RBX1"	0.00528623596625602	-0.282082793902376	0.299	0.385	1
"CREB3L2"	0.00531247149983797	-0.269466506538595	0.279	0.385	1
"STAG3L2"	0.00539127101584634	0.258843104336588	0.382	0.285	1
"NCOA1"	0.00540578866588033	0.295864694498741	0.307	0.225	1
"LINC00426"	0.0054156988810453	-0.396622097678954	0.12	0.194	1
"DUOX1"	0.00545188297566073	0.316345527761654	0.112	0.061	1
"MIEN1"	0.00547750922464366	-0.362795527951216	0.167	0.245	1
"RPS27L"	0.00551787509837564	-0.332374940801107	0.279	0.365	1
"MBP"	0.00552427734773699	0.308883148773187	0.263	0.184	1
"PAXBP1"	0.00553608684537833	0.341013665063911	0.231	0.16	1
"UEVLD"	0.00556766927955984	-0.327916984228623	0.048	0.107	1
"ZBTB44"	0.00563142920490467	0.317109763184001	0.203	0.135	1
"CDK17"	0.00565610846001174	0.337865501365343	0.311	0.233	1
"LARS"	0.00566672833837469	0.329560438877607	0.307	0.232	1
"RP11-415F23.2"	0.00567534311186372	-0.419529460373053	0.052	0.109	1
"NARS"	0.00567780398014544	0.360544249044666	0.267	0.192	1
"ATF1"	0.00573857504579705	0.337116663237007	0.175	0.11	1
"EIF6"	0.00578069921642216	-0.377586946773096	0.183	0.266	1
"PITHD1"	0.00581282423277658	0.318967577092661	0.299	0.219	1
"ERLEC1"	0.00583065953038546	-0.322351905905543	0.199	0.283	1
"PDE4A"	0.00585270692135922	-0.316595258081991	0.183	0.266	1
"AC005944.2"	0.00586032941877598	0.291630309187444	0.287	0.21	1
"C17orf62"	0.0058651647755256	-0.269283887965723	0.49	0.608	1
"SLX1A"	0.00594112507986199	-0.292157913950626	0.287	0.379	1
"IMPDH1"	0.00599723768634951	-0.308785107468466	0.06	0.121	1
"RHOT1"	0.00601158875393785	0.346050454620039	0.116	0.065	1
"GUSB"	0.00601336804646433	-0.39196918534937	0.163	0.243	1
"ZCCHC9"	0.00603890286761495	-0.385124318013684	0.08	0.144	1
"UPF3B"	0.00605182575466875	0.32928524815048	0.243	0.17	1
"PNO1"	0.00605247516612225	0.319057198261053	0.143	0.085	1
"PKNOX1"	0.00606538400890261	0.339004715307514	0.112	0.061	1
"UBQLN2"	0.0060654413950265	-0.282589708462712	0.143	0.233	1
"LSMD1"	0.00607511417226208	-0.3800571355735	0.088	0.157	1
"JHDM1D"	0.00612285822340339	0.273709046520593	0.151	0.092	1
"MFSD12"	0.00613321285121044	0.286122949151946	0.112	0.061	1
"MINOS1"	0.00615231455177993	-0.29011663803557	0.271	0.356	1
"FASTKD5"	0.00616240530720614	0.321573289590093	0.131	0.076	1
"ALDH16A1"	0.00621067990514955	0.329958646548205	0.195	0.129	1
"GGT1"	0.00623919866923845	-0.41686414282376	0.076	0.142	1
"RNU1-125P"	0.00624127517973132	-0.413150348263908	0.108	0.179	1
"AP3M1"	0.00631232853329735	-0.332242041808142	0.104	0.176	1
"ITM2C"	0.00634832739519287	0.419466343883111	0.112	0.064	1
"SLC35E2"	0.00635159580519868	0.339693049115393	0.239	0.17	1
"FAM162A"	0.00635262568459361	0.377003284372135	0.175	0.112	1
"KLHL12"	0.00648963684328812	0.388091543811953	0.147	0.091	1
"MYLIP"	0.00658231787213966	0.345669554020039	0.195	0.129	1
"HLA-DPB1"	0.0066147435296023	-0.263981092019061	0.446	0.536	1
"MKRN1"	0.00662788867583026	0.334151862510388	0.167	0.106	1
"CTNNA1"	0.00664492295678435	-0.314075534895104	0.096	0.169	1
"WDR45"	0.00676001618699522	0.343293122524533	0.215	0.142	1
"DANCR"	0.00677871468487722	0.38355034776211	0.175	0.115	1
"RAP1A"	0.00679324928529531	-0.322609015335585	0.235	0.327	1
"NMB"	0.00681793042658917	0.372397965682311	0.207	0.14	1
"ZNF326"	0.00682893602996297	0.326665298029585	0.175	0.114	1
"TNRC6C"	0.00692403641158691	0.32956042352039	0.187	0.124	1
"NEMF"	0.00693268204326989	-0.355965608189533	0.227	0.312	1
"CRADD"	0.00693341969891291	-0.392463472145686	0.108	0.182	1
"CADM1"	0.00695899639194856	-0.312135751364651	0.096	0.167	1
"HN1"	0.00699308209030697	-0.348213572052819	0.259	0.354	1
"RNF2"	0.00705465682320667	0.361740773050601	0.255	0.183	1
"KIAA1033"	0.00717577013412441	0.310934665806274	0.207	0.138	1
"CTTN"	0.00731695737942363	0.397591619331287	0.155	0.099	1
"GPR89A"	0.00733555435072637	0.348430463613265	0.287	0.215	1
"TCP11L2"	0.00746339461957502	0.29437820215143	0.179	0.115	1
"PPIF"	0.00751417632672585	-0.36656065540505	0.104	0.173	1
"PBX4"	0.0076228136112187	-0.324122793794587	0.211	0.308	1
"NFKB1"	0.00773246930089455	0.327000275381174	0.275	0.203	1
"TAOK3"	0.00777523664969955	-0.306696042251293	0.239	0.322	1
"SLC11A2"	0.00777666841412754	-0.298609595304239	0.108	0.182	1
"BCL6"	0.00778624273713182	0.297489468669586	0.359	0.271	1
"CD200R1"	0.00782299658118013	-0.380362779702525	0.052	0.108	1
"CNNM3"	0.00783024991518777	0.274763131254677	0.135	0.081	1
"SLX1B"	0.00786952820341021	-0.297730664742466	0.227	0.312	1
"NECAP2"	0.00800269043222809	-0.274264656154521	0.347	0.454	1
"SEC23B"	0.00806462414160797	-0.363612448689572	0.183	0.262	1
"DHX15"	0.00822771662275029	0.276064261702989	0.375	0.299	1
"IRF5"	0.00823789017735319	-0.379581154540589	0.124	0.194	1
"BPTF"	0.00833899270667251	0.256822921958908	0.522	0.457	1
"CHURC1-FNTB"	0.00835186651081537	-0.373940326491765	0.1	0.166	1
"TWF1"	0.00835259052561528	-0.36305358033919	0.088	0.152	1
"IFI35"	0.00836038053815288	-0.392918485684138	0.143	0.217	1
"PCIF1"	0.00838846214936711	-0.366828212328823	0.247	0.322	1
"RP11-611O2.5"	0.00843997605671929	-0.309128752691848	0.199	0.28	1
"CXorf40B"	0.00845038831449231	0.296889705146793	0.295	0.217	1
"TCF3"	0.00846201373417778	0.298634305424796	0.127	0.075	1
"RARS2"	0.0084885379319668	-0.338724383347055	0.143	0.217	1
"CDKN2AIP"	0.00857982852456269	0.350806193618121	0.159	0.101	1
"RP11-220I1.1"	0.0085874401101058	0.339042615362421	0.267	0.194	1
"IP6K1"	0.00862865276179402	0.302888195784581	0.171	0.109	1
"BTBD19"	0.00881162680469902	0.255003073176983	0.163	0.102	1
"MAN2B1"	0.00882876305899067	-0.31136066903825	0.211	0.3	1
"P2RY10"	0.00885017554578069	-0.282255869441379	0.287	0.389	1
"RP11-206L10.9"	0.00889339361841822	0.315885150110677	0.159	0.103	1
"VDAC1"	0.00892377795840795	-0.28632452604653	0.363	0.454	1
"C9orf37"	0.00898421880353619	-0.328480680878231	0.06	0.118	1
"ANXA5"	0.00898502298904415	-0.301244616807613	0.315	0.396	1
"TET3"	0.00905419293391661	0.331931183140431	0.163	0.107	1
"RP11-101E13.5"	0.00907165159561349	-0.322197557894674	0.175	0.251	1
"EI24"	0.00921703637280767	0.266126312648242	0.116	0.066	1
"LRBA"	0.00924203594573965	0.286935127896066	0.434	0.364	1
"C1orf35"	0.00926539300977103	0.292874102910384	0.12	0.068	1
"PAIP1"	0.00932150200084946	0.285340089673658	0.167	0.107	1
"NUDT14"	0.00934615667374913	-0.33645751042461	0.056	0.114	1
"HLA-DRA"	0.00936944675173999	-0.31783290350079	0.335	0.422	1
"C1orf112"	0.00937523426158642	-0.258683463615725	0.092	0.157	1
"BTBD2"	0.0094314424582761	0.258305793984774	0.108	0.06	1
"ATP13A3"	0.00948610713389993	0.305043353928144	0.251	0.179	1
"CYB5R3"	0.00952525686834882	-0.289712365497773	0.211	0.295	1
"PLAGL2"	0.00972952826741585	-0.303181222985051	0.092	0.158	1
"RAD51B"	0.00975646134230282	0.351169943068462	0.135	0.083	1
"TSEN15"	0.0098739647481591	0.33577173648423	0.191	0.127	1
"IKBKE"	0.00989324648423592	-0.296786127949374	0.235	0.326	1
"RPS5P2"	0.00991360054740485	0.388934963376188	0.104	0.058	1
"TNFSF10"	0.00991503999305141	-0.352246033743695	0.127	0.205	1
"SULT1A1"	0.0100265758914985	0.262479325983112	0.127	0.076	1
"LRPAP1"	0.0100793942793595	-0.287787427118029	0.279	0.351	1
"DAAM1"	0.0101419898489661	-0.301365777269781	0.048	0.1	1
"PPCS"	0.0101423938243858	-0.338444609231849	0.223	0.301	1
"ATP11B"	0.010308302740438	0.306410160722024	0.283	0.211	1
"ABCG1"	0.0103852890688739	0.299110491487635	0.307	0.232	1
"RP11-1023L17.1"	0.0104329660487156	0.275776006671141	0.203	0.137	1
"POM121C"	0.0104432111482703	0.31973742524039	0.347	0.277	1
"NR4A3"	0.0104578929700089	0.292293419998419	0.271	0.2	1
"GFOD1"	0.0104849942605606	0.319468403587966	0.124	0.074	1
"TMBIM4"	0.0104939677872376	-0.272550354844035	0.422	0.498	1
"VDAC3"	0.0105000044701001	-0.317845052833564	0.199	0.272	1
"PIK3C3"	0.0107411462287531	0.373845820933566	0.283	0.216	1
"CAPN1"	0.0107590910912343	-0.298800090586896	0.259	0.356	1
"PPFIA1"	0.0108271296280702	0.261951414129533	0.159	0.101	1
"IDH2"	0.0108359316016598	-0.275125869614452	0.295	0.385	1
"BCL2L1"	0.0109260572644825	-0.301410707134751	0.215	0.302	1
"SPATS2L"	0.0110948344294847	-0.327335671092435	0.171	0.246	1
"POLR2C"	0.0112277527029553	-0.325208096938048	0.12	0.186	1
"LEPROT"	0.0112750386190002	-0.286538508359063	0.143	0.219	1
"ARHGAP10"	0.0112779368654587	0.328008817360368	0.175	0.117	1
"RP11-631M6.2"	0.011343930621913	0.269662067822172	0.147	0.092	1
"IRF7"	0.0113861594113523	-0.304006051183626	0.239	0.319	1
"TRIM28"	0.0114604453773079	0.33046325953956	0.195	0.132	1
"FXR1"	0.0114839458674721	0.258225590520805	0.371	0.287	1
"SNHG14"	0.0115712316436325	0.377061862113371	0.191	0.131	1
"USP18"	0.0116037896342374	-0.392719375044589	0.052	0.102	1
"TMEM140"	0.0116156665426223	-0.286510063053658	0.307	0.386	1
"AGPAT6"	0.0116157618698663	-0.326999207649797	0.171	0.245	1
"WDR47"	0.0117351398121391	0.294323276927351	0.1	0.056	1
"TTC13"	0.0117460275102027	0.334277559595128	0.151	0.098	1
"TRAV8-3"	0.0117578189945348	-0.369828466398142	0.068	0.125	1
"FOXJ3"	0.0117633968995775	0.268853229343758	0.347	0.27	1
"INTS9"	0.0117916212723571	0.301502684162194	0.195	0.133	1
"MGAT4A"	0.0118421680062642	0.390407724231072	0.179	0.123	1
"ALKBH5"	0.0119087204540542	0.28938045338383	0.195	0.131	1
"PDXK"	0.0120136989581187	0.30674452166999	0.155	0.1	1
"FYCO1"	0.0120904028597745	-0.328422933843067	0.171	0.242	1
"GTF2IRD2B"	0.0121057539892595	0.281153656877335	0.116	0.068	1
"RBCK1"	0.0121144754627409	-0.257312872295349	0.331	0.415	1
"LAMP2"	0.0122099551262174	-0.316629714197009	0.243	0.321	1
"RANBP3"	0.0122110264061947	0.269159649590152	0.406	0.329	1
"CPM"	0.0123329337077214	0.33716448858751	0.171	0.112	1
"PPP5C"	0.0123663590322607	-0.299422774923866	0.12	0.188	1
"DENND6B"	0.0124058678324048	-0.302365689973213	0.06	0.115	1
"C18orf25"	0.0124505259135914	0.334531471359241	0.275	0.204	1
"RAC1P2"	0.0125941345608997	0.339374983467571	0.167	0.115	1
"RBM34"	0.01261742436413	-0.273563665278875	0.255	0.339	1
"SMEK2"	0.0126798146157229	0.273321937786666	0.378	0.302	1
"CDC34"	0.0128105053985562	0.253779842771275	0.112	0.065	1
"TRABD2A"	0.0128804740942559	-0.259458441784623	0.072	0.132	1
"CDC25B"	0.0129413204203005	0.277938039008648	0.155	0.1	1
"PLEKHF2"	0.013025978413669	0.290304917361376	0.155	0.099	1
"GRIPAP1"	0.013260760241777	-0.29396782771299	0.187	0.267	1
"UNC50"	0.0133040829965719	0.307508738564484	0.199	0.134	1
"PEX16"	0.013325122503151	-0.34604474942463	0.112	0.178	1
"ZBED2"	0.0133669635200999	-0.301886270541899	0.108	0.177	1
"RP11-61L23.2"	0.0133722001153777	-0.254381934966367	0.355	0.444	1
"ENOSF1"	0.0135178670163506	0.336889207898659	0.255	0.191	1
"PHF19"	0.013543033656076	0.377938820541941	0.227	0.167	1
"POMT1"	0.0136257404688115	0.308909233358173	0.211	0.146	1
"RP11-138C9.1"	0.013712567612931	0.308643359105272	0.275	0.203	1
"TAOK2"	0.0137672681083706	0.2816130021182	0.159	0.104	1
"BTLA"	0.0138290253317073	-0.305970935959926	0.219	0.299	1
"CCDC82"	0.0138781166080923	-0.315445822348164	0.096	0.16	1
"RP11-316P17.2"	0.0138879260283128	-0.300872941164839	0.056	0.109	1
"FAM107B"	0.0139606618081889	0.270909787003949	0.442	0.392	1
"BCL7B"	0.0140877873748217	0.304283807257541	0.167	0.11	1
"FLOT1"	0.0141297284375238	-0.415541323660229	0.112	0.171	1
"PSMC2"	0.0141373952008405	-0.332069610503052	0.187	0.26	1
"POGZ"	0.0141535078804545	0.261803391344481	0.307	0.233	1
"KLHDC4"	0.0142575724512456	0.269430116562269	0.207	0.143	1
"EBI3"	0.0143159640107894	-0.382378769537478	0.052	0.101	1
"NAGA"	0.0143397209278206	-0.355057893764819	0.131	0.195	1
"RRN3P2"	0.0143661234881312	0.289727877933836	0.347	0.276	1
"GLS"	0.0143868073898304	0.284360511740988	0.394	0.33	1
"JKAMP"	0.0144559141687996	-0.337912480203108	0.116	0.185	1
"MYD88"	0.0144865636129444	-0.286439012867574	0.199	0.278	1
"ZNF143"	0.0145592176848177	0.304153123540368	0.159	0.103	1
"F5"	0.0146755188721779	-0.272166999380808	0.235	0.312	1
"USP4"	0.0148035721603884	0.253723366606062	0.382	0.304	1
"PVT1"	0.0148621400361838	-0.250013178802985	0.375	0.453	1
"PRKD3"	0.0150050370647151	0.288065377071722	0.159	0.104	1
"GPS1"	0.0150803343000253	-0.315190314329102	0.183	0.254	1
"ATF4"	0.0150983168858118	0.25918056561013	0.438	0.372	1
"COX14"	0.0151846369621859	-0.331758502465324	0.183	0.258	1
"METTL9"	0.0152045445102231	0.340985012919232	0.179	0.126	1
"USB1"	0.0152541154054635	-0.309862091421211	0.151	0.219	1
"FAM102A"	0.0152716888838703	0.264058826245436	0.339	0.259	1
"PAM"	0.0153406315943477	-0.25060035491951	0.299	0.387	1
"LUC7L"	0.015351557216391	0.274366104312091	0.307	0.226	1
"SLC33A1"	0.0153775005470068	0.284061993745154	0.163	0.107	1
"JOSD1"	0.0154177264044433	0.255984730534238	0.227	0.16	1
"SLC25A16"	0.0154331701050448	0.270853688929042	0.1	0.057	1
"PIGS"	0.0154848281818844	-0.360708875751685	0.175	0.244	1
"NPC2"	0.0155359807856338	-0.340492912995956	0.124	0.188	1
"MYO9B"	0.0155630093325839	0.254164613708005	0.279	0.208	1
"NBPF13P"	0.0156011685675376	0.250452222633436	0.143	0.092	1
"SCRN2"	0.0157967668032053	-0.377313155239202	0.056	0.107	1
"MSL3"	0.0158141336455255	0.276705955505793	0.311	0.235	1
"HECTD4"	0.0158785686303094	0.279114417002705	0.335	0.266	1
"MB21D1"	0.0159463335070388	0.304190233261835	0.187	0.129	1
"RNF207"	0.0159805494938545	-0.330902642258808	0.064	0.116	1
"TXLNG2P"	0.0161385137720947	0.3667575375779	0.163	0.11	1
"ZNF529"	0.0161568787117236	0.268036724385544	0.139	0.089	1
"APBB3"	0.0163305170518008	0.322593975549242	0.167	0.112	1
"PCNX"	0.0163969260291156	0.278196448729702	0.359	0.288	1
"LPIN2"	0.016482144690768	-0.277895493767762	0.223	0.3	1
"H2AFY"	0.0164908293979118	0.29915332525756	0.371	0.314	1
"NUP85"	0.0164955437761376	-0.368007979566288	0.104	0.165	1
"B3GNT2"	0.0165616616460326	0.289669305061192	0.263	0.202	1
"CARHSP1"	0.0166965980476507	0.263135777793992	0.331	0.257	1
"PLCL2"	0.0167499663633352	0.341668436442788	0.171	0.118	1
"RANBP9"	0.0170423569339015	0.313072770682849	0.243	0.179	1
"SERTAD1"	0.0170699647853474	0.274954420227257	0.291	0.224	1
"NEK7"	0.0174424927302591	0.301314192204504	0.159	0.107	1
"TRIM25"	0.0177437051930105	-0.273486793422116	0.135	0.202	1
"SNORA63"	0.0177809464922729	0.272405934958032	0.104	0.061	1
"MAP2K2"	0.0180208117156456	-0.337974634614276	0.175	0.241	1
"DPYSL2"	0.0180665261495778	-0.254316488759439	0.143	0.213	1
"ACTR10"	0.0182145422605921	-0.356023757878361	0.159	0.226	1
"AP001877.1"	0.0182710279805391	0.342901384895799	0.108	0.065	1
"AMMECR1"	0.0182964549993175	0.347063073828713	0.151	0.101	1
"IFI27L2"	0.0184163188025537	-0.329164610421239	0.131	0.196	1
"SNHG6"	0.0185113616882752	0.258495982066004	0.339	0.264	1
"PRMT7"	0.0186056475242882	-0.386820197599942	0.104	0.16	1
"RRP8"	0.0186096141433394	0.274396056176033	0.151	0.099	1
"ARL5B"	0.0186344289886693	0.323348085498785	0.139	0.092	1
"C19orf48"	0.0187488484571269	0.304671920865421	0.12	0.074	1
"PDPR"	0.0187972725011175	0.280074515288083	0.219	0.158	1
"SCMH1"	0.0188610905262838	0.258834718746734	0.116	0.07	1
"ZNF280D"	0.0189319372286363	-0.360938045132086	0.139	0.199	1
"COG6"	0.0189438427342787	0.271304793878564	0.143	0.093	1
"SPICE1"	0.0189533859106125	0.288557570605745	0.135	0.086	1
"RP11-143J12.3"	0.0189853737297967	-0.288394986105828	0.06	0.111	1
"PHB2"	0.0189899396769676	0.254630218144096	0.386	0.325	1
"AKIRIN2"	0.0189926503923596	-0.276000082653929	0.291	0.365	1
"THOC7"	0.0190185175732043	-0.339640901011707	0.147	0.215	1
"RSL24D1"	0.0190606588320419	0.254649534337601	0.367	0.292	1
"GNA15"	0.0190932908867926	-0.286460895269767	0.159	0.23	1
"CSK"	0.0191023104601723	-0.255529134165774	0.382	0.449	1
"DFNB31"	0.0192360164232866	-0.318212161554609	0.191	0.257	1
"ARNTL"	0.0192392330152374	-0.267935207885643	0.247	0.326	1
"MED31"	0.0192410210864339	0.316329999196655	0.191	0.134	1
"FGD5-AS1"	0.0192810447355718	0.326845141923603	0.235	0.177	1
"UBTF"	0.0193375123654697	0.254840440357187	0.235	0.171	1
"USO1"	0.0194145597844129	0.295009952018983	0.287	0.222	1
"TRAF3"	0.0194153062413434	-0.271312470649639	0.283	0.362	1
"WDR46"	0.019424764138562	0.292828248745352	0.179	0.123	1
"NDC1"	0.0194536589335862	0.305456319808213	0.108	0.065	1
"SLC1A5"	0.0195644743207538	0.268530689533759	0.227	0.165	1
"GIMAP5"	0.0195839469780727	-0.266857424211019	0.307	0.395	1
"TOX2"	0.0198092254884019	0.286323230381595	0.279	0.213	1
"PLRG1"	0.0198538959943667	-0.371471294584206	0.108	0.166	1
"ZC3H14"	0.0199225463353175	0.281134924844881	0.187	0.129	1
"COG7"	0.0199291557132292	0.295051832985581	0.155	0.102	1
"LTV1"	0.0202516784000144	0.288992687781016	0.131	0.083	1
"RP11-299J3.8"	0.02029576830314	0.325775383913665	0.195	0.138	1
"DYNC1LI2"	0.0204652070647115	0.296832355159037	0.191	0.134	1
"FAM21A"	0.0205088996216697	0.280297562675198	0.271	0.208	1
"PHF11"	0.02050974734756	-0.254274188067814	0.315	0.405	1
"LGALS9"	0.0205459716000554	-0.274589037233983	0.235	0.309	1
"MTHFD1"	0.0206792298165482	-0.415790614119457	0.151	0.208	1
"HTATIP2"	0.0207325113249434	-0.302921303937625	0.187	0.266	1
"GALK1"	0.0207600858650056	-0.385360518303473	0.06	0.109	1
"SHKBP1"	0.0208178758097472	-0.250222879965606	0.279	0.359	1
"LRIF1"	0.0208314259189489	0.275019883438625	0.151	0.099	1
"NMT2"	0.0208458288623194	-0.273303977352319	0.131	0.195	1
"MRPS30"	0.0209243419819057	0.250874526314949	0.191	0.131	1
"NDUFAB1"	0.021043133755494	-0.31121029446139	0.183	0.249	1
"IMPDH2"	0.0210646123612843	0.271297834165102	0.235	0.169	1
"HPSE"	0.0213796988414174	-0.297515220487421	0.08	0.134	1
"CCR2"	0.0214205288843503	-0.286227984722291	0.06	0.11	1
"JMJD7"	0.0214525880583536	-0.304766098021092	0.08	0.135	1
"PIK3R1"	0.0215423826880471	-0.300956303736025	0.143	0.208	1
"CD58"	0.0215764023016396	-0.25677144245356	0.319	0.389	1
"LCOR"	0.0216178967641876	-0.304999372454728	0.203	0.271	1
"PACS1"	0.0216197243210579	0.262804632763553	0.359	0.294	1
"SMIM11"	0.0216341002778943	0.301120144448107	0.127	0.081	1
"TRAPPC6A"	0.021776809450619	0.338441239673645	0.191	0.137	1
"RBM26"	0.0220070963039911	-0.251371743506017	0.183	0.253	1
"CAPN12"	0.0220074216181626	-0.250820668418166	0.096	0.152	1
"ZNF7"	0.0220076646420248	-0.306427780955358	0.08	0.134	1
"BAZ2B"	0.022058011160543	0.337911934371522	0.283	0.22	1
"EIF1AXP1"	0.0220858709845119	-0.276761944867479	0.08	0.134	1
"SC5D"	0.0221953956405624	0.254890163398573	0.179	0.123	1
"KSR1"	0.0222169421768049	-0.311885858770107	0.104	0.16	1
"RP11-611O2.3"	0.0222359721023848	-0.280155662484848	0.187	0.258	1
"PCF11"	0.0222549903182435	0.256446123013145	0.339	0.27	1
"NFKBID"	0.0224872640477222	0.30175984902172	0.231	0.17	1
"SHPRH"	0.0225792703395593	0.302387191697459	0.187	0.133	1
"PIK3R4"	0.0225912094579703	0.289647976262279	0.183	0.128	1
"RP3-449O17.1"	0.0228932859914257	-0.282311024503288	0.124	0.188	1
"PLEKHA1"	0.0229414614663635	0.250637718590067	0.116	0.072	1
"ELP4"	0.0231051476661718	-0.294279212123566	0.072	0.124	1
"PYCARD"	0.0231575545781699	-0.299255008810731	0.151	0.216	1
"NCAPG2"	0.0231846530726072	0.322625894694978	0.104	0.064	1
"POLR2B"	0.0232542966168638	0.259687153508313	0.307	0.243	1
"CGGBP1"	0.0234474074888066	0.27045346353331	0.319	0.255	1
"ARHGAP5"	0.0237421717150679	-0.273104179009639	0.06	0.108	1
"ATP2C1"	0.0237740598184028	0.32100081610506	0.239	0.182	1
"CARS2"	0.0238156408947234	0.258269210580075	0.116	0.072	1
"MCPH1"	0.0238329317070668	-0.327605902727574	0.104	0.158	1
"MED30"	0.0238342689496843	-0.318036884884452	0.116	0.177	1
"FOXK1"	0.0242444029167118	-0.269450335639437	0.147	0.205	1
"RP11-603B24.1"	0.0242715745884232	-0.325616389252441	0.076	0.128	1
"USP19"	0.0242885072337318	0.258616572650497	0.12	0.075	1
"EIF2D"	0.0243919444937908	0.253734812920414	0.171	0.116	1
"RPL18P10"	0.0244312650935708	0.252694029688611	0.135	0.085	1
"MRPL53"	0.0245725856151349	0.313433802957691	0.215	0.157	1
"MYO9A"	0.0245745095332418	0.271932086627403	0.143	0.095	1
"SKIV2L"	0.0247284685897635	-0.27527603958095	0.131	0.2	1
"PGM2L1"	0.0249808459579065	0.26343603701253	0.207	0.152	1
"ABT1"	0.0250852815921431	-0.296520306626805	0.12	0.18	1
"RP11-353N4.6"	0.025097098513644	0.256848578886799	0.394	0.335	1
"METTL8"	0.0251306005739509	-0.271194714004023	0.175	0.244	1
"TMEM167B"	0.0251587756434183	-0.278319221375581	0.064	0.112	1
"SEC61A2"	0.0251899693795151	-0.311195736648594	0.08	0.131	1
"YEATS2"	0.0253557099586034	-0.286024997180301	0.231	0.295	1
"ODF3B"	0.0255643562710201	-0.423153445591648	0.124	0.175	1
"VAMP3"	0.0257368905039858	-0.278729017614306	0.08	0.134	1
"ACOT9"	0.0257676837499471	-0.256126647860916	0.195	0.266	1
"RPL22L1"	0.0259025772958979	0.291293461737941	0.219	0.165	1
"FAM179B"	0.0259339406936855	0.281638690039731	0.135	0.089	1
"ZNF200"	0.0260999213435379	0.266460185455109	0.1	0.06	1
"ANKRD54"	0.0261346688876202	0.28646726951091	0.167	0.116	1
"RP11-1212A22.4"	0.0261802644091004	0.250011446889761	0.247	0.186	1
"ASB7"	0.0261905089806516	0.327144603184067	0.131	0.087	1
"FLYWCH1"	0.0265322536374443	0.265113650285895	0.143	0.095	1
"PLSCR1"	0.0265415337434595	-0.335518094552495	0.135	0.191	1
"MRPL36"	0.0266763777052854	-0.287362717443443	0.076	0.127	1
"EXOSC9"	0.0266911657111702	-0.264242095530135	0.096	0.15	1
"STIM2"	0.0271257036762019	0.256592503705556	0.151	0.102	1
"KEAP1"	0.0271628116937149	-0.304396386167101	0.124	0.18	1
"LRRC37A4P"	0.0272964785136511	0.281085651060252	0.283	0.225	1
"DGCR2"	0.0274204163570242	-0.268845353279083	0.171	0.238	1
"TRNAU1AP"	0.0275581400685324	0.255942814686191	0.219	0.157	1
"SNAP47"	0.027643999963487	-0.302719087977616	0.207	0.267	1
"HTRA2"	0.0277112047942675	-0.253041151686021	0.147	0.209	1
"GOLIM4"	0.0278072755618122	-0.272873263993337	0.072	0.119	1
"MAGOHB"	0.027907067570552	0.257437199665617	0.124	0.078	1
"BTN3A3"	0.0279274432173561	-0.254260786963937	0.243	0.317	1
"ECHDC2"	0.028023945304182	0.267408313937438	0.271	0.208	1
"ZFYVE28"	0.0282151660462908	-0.274504760973474	0.104	0.159	1
"ZDHHC18"	0.0283388387329954	-0.298378865806152	0.155	0.215	1
"C16orf80"	0.0286810006766126	-0.314370067704897	0.143	0.203	1
"RFXANK"	0.02874260633398	-0.292955092651292	0.127	0.186	1
"NDUFB4"	0.0289854736935364	-0.274937730696523	0.227	0.302	1
"POLR3K"	0.0292381629442986	-0.282820823656788	0.1	0.156	1
"MRPS24"	0.0294077727892461	-0.314667413304862	0.163	0.219	1
"NKAP"	0.0295104863941448	-0.300474001530927	0.084	0.135	1
"NDUFA2"	0.0295555475072618	-0.293385737661652	0.179	0.241	1
"WDR61"	0.0296613954896223	0.300334246146372	0.259	0.196	1
"MAGEH1"	0.02981868549562	-0.256855807773182	0.255	0.32	1
"ANXA1"	0.0299037207781326	0.280190335717454	0.283	0.218	1
"SRP72P2"	0.0300328673377972	0.303448919438163	0.124	0.081	1
"C1orf228"	0.0303175075481432	0.269955718632966	0.104	0.064	1
"KPNA3"	0.0304388353933417	0.270161222796512	0.163	0.114	1
"FAHD2A"	0.0305725437348464	-0.294258985105772	0.124	0.179	1
"NCK1"	0.03068569708511	-0.32748264281182	0.179	0.237	1
"STARD4"	0.030720923460867	-0.278894865228047	0.06	0.106	1
"CTD-2301A4.3"	0.0307735930902283	0.275530000802793	0.108	0.067	1
"CUTC"	0.0308120432772445	-0.322866903738515	0.084	0.133	1
"MRPL45"	0.0309540256031006	-0.303009613846393	0.06	0.106	1
"XXYLT1"	0.031066052000777	0.285929230635541	0.104	0.065	1
"MED21"	0.0312192245126442	-0.295193737145954	0.088	0.138	1
"NOSIP"	0.0312548452236957	0.264435728876534	0.275	0.212	1
"FNTA"	0.0313107922182282	0.259549281484214	0.127	0.083	1
"ZNF431"	0.0313615456045875	-0.318610335137876	0.084	0.132	1
"ANAPC11"	0.0314183385481856	-0.265719403276091	0.235	0.301	1
"ZNF267"	0.0315057153147451	-0.252450966931247	0.235	0.305	1
"RNU2-2P"	0.0315561906671412	-0.30311408954287	0.127	0.186	1
"LMF2"	0.0315605353822319	-0.254756850512689	0.231	0.296	1
"MRPL1"	0.0318640528816823	0.29309820521734	0.251	0.195	1
"C6orf1"	0.0320204941510679	-0.3108953294353	0.139	0.199	1
"PPIP5K2"	0.0320346616351936	0.311834376460068	0.291	0.234	1
"FEM1B"	0.0321343598305594	0.326144858073764	0.135	0.092	1
"LRMP"	0.0321535410230279	0.275305935349868	0.271	0.212	1
"IPO11"	0.0321751603068714	0.291870137250461	0.1	0.061	1
"CPD"	0.0322184219400022	-0.255146340348766	0.147	0.207	1
"YIF1B"	0.0323677729593652	-0.31531103932141	0.116	0.17	1
"CINP"	0.0324508343035115	-0.329608779731594	0.056	0.1	1
"AIMP1"	0.0326022750738592	-0.294578490416842	0.151	0.21	1
"MADD"	0.0326203688749683	0.250135322098422	0.319	0.26	1
"RBM23"	0.0326470544993386	0.262688915688138	0.299	0.244	1
"MCMBP"	0.0327046058110716	0.32937054153727	0.191	0.143	1
"KCTD7"	0.033001110863954	0.275953215572356	0.155	0.108	1
"ZNHIT1"	0.0331149881431811	-0.251564402736122	0.279	0.336	1
"CARD16"	0.0332351220133086	-0.259008021664708	0.343	0.422	1
"ZNF827"	0.0333094860777268	0.253111751014749	0.139	0.094	1
"PIH1D1"	0.0333326834106028	0.256236208067904	0.271	0.21	1
"RPA3"	0.0337626789584305	0.257234904189356	0.195	0.138	1
"NIPAL3"	0.0339510787069025	-0.274322347747233	0.203	0.267	1
"CDK7"	0.0341558787515372	-0.294917705334958	0.092	0.143	1
"NOC4L"	0.0342277985438698	-0.262348502206705	0.068	0.114	1
"GALNS"	0.0344155802316491	-0.286659815813526	0.08	0.127	1
"ANKRD36C"	0.0348826585581343	0.273559676735391	0.522	0.497	1
"LDLR"	0.0351030715607641	0.302507718618432	0.175	0.127	1
"KLF10"	0.0353539199479274	0.345070898360082	0.163	0.118	1
"RP11-500M8.7"	0.0353784776217218	-0.265345805483664	0.116	0.17	1
"ZBED5"	0.0354000112465075	0.292685522413172	0.231	0.176	1
"RAC1"	0.0354069448914354	0.358338467806968	0.239	0.195	1
"DCP1B"	0.0356799421951115	-0.259204107464282	0.104	0.159	1
"TMEM214"	0.0356898735954904	-0.289385176891695	0.08	0.127	1
"HEXDC"	0.0357515499034597	-0.293730237343173	0.076	0.123	1
"PSPC1"	0.0358064583657615	0.256494637374326	0.394	0.326	1
"NOL6"	0.035959679417347	0.262046491534899	0.139	0.094	1
"TMEM256-PLSCR3"	0.0361024970028115	-0.260728297963434	0.247	0.312	1
"CELF2-AS1"	0.0361731848111942	0.340898064114689	0.108	0.07	1
"CLASP2"	0.0364582726528089	0.258279806014364	0.275	0.215	1
"SUGP1"	0.0364780913147438	-0.268516834130487	0.127	0.182	1
"USPL1"	0.0366556334385085	0.317283131156194	0.175	0.128	1
"DNAJC17"	0.0368134448569111	-0.255735001570498	0.06	0.104	1
"ABHD14B"	0.036867643786097	-0.260336865646962	0.215	0.288	1
"DUS3L"	0.0373428892225553	0.280781635199337	0.124	0.082	1
"MRPS22"	0.0377726521328882	0.259344381621406	0.159	0.11	1
"ATF2"	0.0380799311057338	0.279855440954058	0.255	0.2	1
"IRF2"	0.03810396555384	-0.250441295804525	0.299	0.359	1
"DIABLO"	0.0382172270910124	-0.295174977248036	0.183	0.242	1
"HNRNPA1P21"	0.0385091827336872	-0.321178438198269	0.124	0.177	1
"MTHFD1P1"	0.0389261580162808	0.370036492378409	0.12	0.081	1
"PRR5L"	0.0396489682207576	0.280699133362298	0.116	0.075	1
"DLGAP1-AS1"	0.0397548003995979	-0.346676188123298	0.08	0.125	1
"NFATC2IP"	0.0397684155620245	0.253725022568149	0.199	0.148	1
"SLC39A3"	0.0399934652336637	-0.335242132873865	0.064	0.108	1
"DNAJA4"	0.0402873638881667	0.289129206415698	0.255	0.201	1
"SUPV3L1"	0.0404521065570608	-0.268267893159531	0.088	0.136	1
"KBTBD8"	0.0406336041424806	-0.262277495381043	0.064	0.109	1
"RAB3IP"	0.0407735833243701	0.321392108355181	0.124	0.083	1
"C16orf58"	0.0410076569137642	0.253312372403875	0.131	0.087	1
"RNF170"	0.041363762362754	-0.319417837789165	0.068	0.11	1
"NAPRT1"	0.0416488688426301	-0.273283388466437	0.167	0.224	1
"CTBS"	0.0417274289147978	-0.258589199459032	0.139	0.194	1
"REV3L"	0.0419635316428481	0.300191919902986	0.247	0.196	1
"ISOC1"	0.0420695476556298	-0.333399834964104	0.112	0.16	1
"C15orf53"	0.042107216117114	-0.274581705261251	0.076	0.119	1
"RP11-403P17.3"	0.0421866384168035	-0.28469768123032	0.1	0.148	1
"HS3ST3B1"	0.0422005657464419	-0.251797315295046	0.299	0.369	1
"NSUN2"	0.0422660487406012	0.26357751806421	0.267	0.213	1
"ILF2"	0.0425653804414547	-0.250588627984213	0.327	0.401	1
"SDCCAG8"	0.0428610784376357	0.25818778068241	0.207	0.153	1
"CD274"	0.0432033869260044	-0.29473678555966	0.092	0.138	1
"NUP37"	0.0432270852727655	-0.296134880345035	0.064	0.106	1
"DNTTIP2"	0.0435964368587398	0.297974477008927	0.263	0.211	1
"MBD2"	0.0436690129705856	-0.286245274595351	0.139	0.191	1
"CRTAP"	0.0437299779555729	-0.264934159626436	0.199	0.26	1
"PIGY"	0.0437689038993839	0.259492151479049	0.199	0.146	1
"ICA1"	0.043857242695668	0.256738665592791	0.323	0.269	1
"HIST1H1C"	0.0442179418411319	-0.260922161289163	0.088	0.136	1
"GCC1"	0.0442182393200502	0.313380019024028	0.112	0.074	1
"EIF2AK4"	0.0443451752337543	0.272475508676802	0.127	0.086	1
"HMBOX1"	0.0445701632263332	0.255225084737397	0.243	0.191	1
"STK39"	0.0446553243287614	0.312145927898472	0.1	0.065	1
"RNF139"	0.0446857624924822	0.306524455421526	0.159	0.117	1
"ZNF775"	0.0447174962121944	-0.341879295226295	0.08	0.123	1
"LYAR"	0.0449474198707046	0.267571828848672	0.112	0.073	1
"CXorf38"	0.0451832907966271	-0.27203129782941	0.084	0.132	1
"MZB1"	0.045254462998561	-0.309945419312521	0.08	0.126	1
"ADA"	0.0454782450286184	-0.350692936466296	0.108	0.153	1
"HAVCR2"	0.0458876404935675	-0.261640355347594	0.171	0.23	1
"UBE2H"	0.0460496554289291	0.279080519361361	0.223	0.173	1
"ELOF1"	0.0463745478406146	-0.268049814997663	0.187	0.246	1
"FKBP4"	0.0463832150516879	0.265114745249038	0.219	0.163	1
"KIAA1683"	0.0464690514888844	0.286450609500121	0.303	0.255	1
"ALDH3A2"	0.0469610198215045	0.27172544963496	0.203	0.154	1
"PNP"	0.0469616797583633	0.307153724377165	0.151	0.108	1
"KDELR1"	0.0472388846553707	-0.254498598372033	0.147	0.202	1
"DNAJC25"	0.0473279902727248	-0.266655391220485	0.068	0.109	1
"TADA3"	0.04769836829487	-0.252414806393142	0.227	0.278	1
"STX11"	0.0487727192075426	0.259683436911052	0.175	0.127	1
"PABPC4"	0.0489703497933237	0.301821210556237	0.159	0.116	1
"COMMD5"	0.0490361493137958	-0.268625412522342	0.104	0.156	1
"YARS"	0.0492257527030529	-0.271157994486596	0.223	0.28	1
"FBXO9"	0.0492641795799893	-0.259181689515257	0.084	0.129	1
"COX20"	0.0494378106000406	0.25244995808708	0.283	0.226	1
"PDCD2"	0.0494597893356897	0.252768315827711	0.155	0.11	1
"AL645728.2"	0.049495241158695	0.287083270811054	0.1	0.065	1
"IMPACT"	0.0505003667291868	0.276917316518486	0.108	0.07	1
"ATP6V1F"	0.0507748623725753	-0.27378180281158	0.239	0.3	1
"C9orf38"	0.0509608457152045	-0.269281403695445	0.064	0.106	1
"ALG3"	0.0513334453350042	-0.29630423673929	0.084	0.127	1
"HAUS3"	0.0513663500286143	-0.275964902477512	0.147	0.2	1
"ULK4"	0.051753605456548	0.302215000461099	0.116	0.078	1
"MSTO1"	0.0518250856259984	-0.353701260640464	0.112	0.157	1
"FTO"	0.0519285931575296	-0.258463535312724	0.159	0.211	1
"CTD-2031P19.5"	0.0520075147193732	-0.324829993823397	0.135	0.178	1
"COG4"	0.0520775025455109	0.285746289349926	0.247	0.196	1
"TCTA"	0.0520932518148409	0.296746059568875	0.135	0.094	1
"XPO5"	0.0521579892976137	0.281813606931722	0.167	0.123	1
"OTUD4"	0.0523305934781761	0.278964333493988	0.155	0.114	1
"TOPORS"	0.0532162970074726	0.254334284096211	0.219	0.17	1
"KLRG1"	0.053572774536403	0.316242444111929	0.108	0.073	1
"FAM21C"	0.053737576276245	0.267930500432488	0.271	0.22	1
"DICER1"	0.0538057948301329	0.276952923747811	0.171	0.127	1
"TMEM70"	0.0538727494661685	0.304902203075353	0.187	0.144	1
"CKS2"	0.0540692985535101	0.252784189781799	0.255	0.199	1
"FAM193B"	0.0541661575143019	-0.263985247101017	0.08	0.123	1
"RTTN"	0.0544873187949297	0.268808363683295	0.131	0.092	1
"DNAJB4"	0.0545909943315355	0.267088315219301	0.227	0.179	1
"EIF3B"	0.0547067071293543	0.29373994502565	0.151	0.111	1
"SMC1A"	0.055327874183357	-0.261253511109462	0.183	0.238	1
"RSPRY1"	0.0553482199621479	0.264667988692478	0.211	0.163	1
"WDR13"	0.0557012708045782	-0.286055993865759	0.072	0.112	1
"PAICS"	0.0559373977562944	-0.295671593437455	0.068	0.107	1
"BRD1"	0.0560190858257935	0.263196365616163	0.195	0.149	1
"ITPA"	0.0565378477695462	0.254715815801718	0.267	0.212	1
"INSIG2"	0.0572014709875769	-0.302725769231911	0.068	0.107	1
"ARHGAP11B"	0.0589173443605438	0.269182038641875	0.139	0.099	1
"SCAF4"	0.0591308615558937	0.258579278357556	0.287	0.234	1
"PDHX"	0.0597170448367174	-0.258332684216004	0.072	0.111	1
"ELP5"	0.05997182511109	0.259625044192432	0.163	0.121	1
"NUDT22"	0.0602891844377072	-0.251021430236969	0.203	0.258	1
"INPP5K"	0.0609082778288589	-0.26775287750425	0.167	0.217	1
"PIAS2"	0.0609582648128469	0.263369099127878	0.155	0.114	1
"ACTR1B"	0.0611033293136864	-0.267191421193157	0.183	0.24	1
"KAT6B"	0.0611630295492926	0.266120800728664	0.323	0.274	1
"OSER1"	0.0621763788247859	0.286363948055718	0.235	0.19	1
"CCDC137"	0.062225688836508	-0.253676454609793	0.08	0.121	1
"DGCR6L"	0.0624018802731771	-0.25605569065141	0.163	0.212	1
"DUSP18"	0.0624065906085851	-0.28067636372773	0.08	0.12	1
"ZFYVE26"	0.062967406796018	-0.294703064028597	0.108	0.151	1
"C1orf27"	0.0635043089432141	0.261051295454288	0.139	0.1	1
"UBE2J1"	0.0644635239944006	0.250026260853731	0.207	0.162	1
"NIPSNAP1"	0.0644720883222332	-0.271288053144657	0.139	0.187	1
"VPS51"	0.0644949530710022	0.265067583876699	0.219	0.17	1
"RP11-305M3.2"	0.0653159877431188	-0.255214798538853	0.068	0.106	1
"NCALD"	0.0654082057670595	-0.250438722894679	0.203	0.258	1
"CHM"	0.0656404576419327	0.25203659376357	0.159	0.118	1
"ZNF266"	0.0670874126729723	0.271440664791156	0.227	0.182	1
"RP11-1035H13.3"	0.0674070321705616	-0.274139919464014	0.08	0.119	1
"SUN1"	0.0675741122518051	0.275639932115025	0.159	0.12	1
"C9orf156"	0.0676119958597967	-0.305789371369812	0.076	0.115	1
"ENY2"	0.0678602727570596	-0.282510889220044	0.167	0.215	1
"LINC00116"	0.0682125218091737	-0.290960841800008	0.072	0.11	1
"DHDDS"	0.0683667609013345	-0.251011264253206	0.072	0.111	1
"CD320"	0.0687794809390508	-0.28998301259162	0.131	0.176	1
"SREBF1"	0.0687929227790517	0.259688254539253	0.127	0.091	1
"CCDC144B"	0.0701024748463902	-0.264508060077117	0.187	0.242	1
"GMCL1"	0.0714875256144278	0.294402139017192	0.199	0.159	1
"MRPL54"	0.0745566294153463	-0.282136457616023	0.104	0.145	1
"FBXO34"	0.0745878150062506	0.29837994284066	0.191	0.15	1
"VPS33A"	0.0749677622870333	-0.283180945988064	0.143	0.19	1
"HINT2"	0.0751455952934462	-0.259277402060569	0.096	0.137	1
"MRPL4"	0.0753775466055476	0.251775378579584	0.227	0.186	1
"THOC1"	0.0762481504854138	0.265664920530102	0.151	0.112	1
"DAK"	0.0775632262719621	-0.291567359061612	0.104	0.145	1
"PNMA1"	0.078311112943249	0.261814541498739	0.163	0.124	1
"CDK5RAP2"	0.0794189189660301	0.307966726132454	0.247	0.211	1
"ZDHHC12"	0.0798731712324708	-0.253356011659519	0.155	0.196	1
"KPNB1"	0.0805967865516312	0.253734189878504	0.458	0.439	1
"BLVRA"	0.080967885174778	-0.251207054772178	0.104	0.146	1
"PHAX"	0.0811623220361531	-0.286140669177881	0.104	0.144	1
"CUL2"	0.0817056642091034	0.26222429849312	0.191	0.15	1
"BAP1"	0.0817133455808106	0.316797422475929	0.167	0.131	1
"PRPF4"	0.0828870823889083	0.342822583290866	0.175	0.137	1
"MALSU1"	0.0838268674868615	-0.275227106853995	0.084	0.123	1
"CDK9"	0.0843565557956417	0.271474899474529	0.104	0.073	1
"SNHG17"	0.0861054552683659	0.325755792695661	0.175	0.14	1
"LPAR6"	0.0866761974162799	-0.281981516093099	0.127	0.169	1
"TPRKB"	0.0866947429183571	0.254720701306378	0.116	0.082	1
"RNASEH1"	0.0886147917932806	-0.313686946002647	0.076	0.109	1
"ING5"	0.0886387661019809	0.282473749442225	0.104	0.073	1
"ENO2"	0.0891665797558517	-0.265495843635985	0.072	0.107	1
"DCTN3"	0.0899515093942502	-0.250527890161814	0.187	0.237	1
"MRPS18A"	0.0899672247918328	-0.325805891858072	0.104	0.141	1
"TIAM2"	0.0904327438853901	0.251170794792092	0.12	0.086	1
"GTF2H1"	0.0921690358080009	0.270837030227126	0.183	0.143	1
"RRN3P3"	0.0922771829664492	-0.262473903535153	0.108	0.146	1
"EXOC5"	0.0942966136250996	-0.255908402248333	0.112	0.152	1
"ATIC"	0.0945395955960732	-0.268705918332447	0.135	0.177	1
"TDP1"	0.0948347144158477	-0.254557348742258	0.151	0.194	1
"NUP62"	0.0979699061281021	-0.293169593849595	0.167	0.21	1
"TXNDC17"	0.10177556248157	-0.251512939116539	0.131	0.171	1
"TAPBPL"	0.102137397728088	-0.266851502120325	0.143	0.186	1
"NHLRC2"	0.10241344886134	0.258472436266571	0.151	0.117	1
"ATP6V1E1"	0.103090670369374	-0.263386101911592	0.195	0.237	1
"SLFN11"	0.103346002674831	0.313398296219629	0.124	0.092	1
"TM2D2"	0.104332908883315	-0.268025006015201	0.072	0.104	1
"TANGO2"	0.10489765000898	-0.267817840486488	0.139	0.178	1
"ZDHHC21"	0.107068845833804	0.289219353843228	0.175	0.142	1
"ISCA1"	0.111263279118006	0.2525929513193	0.191	0.157	1
"GALNT1"	0.117972692175682	0.29774426726982	0.167	0.135	1
"CAND1"	0.11811293089918	0.275205603681623	0.263	0.228	1
"OARD1"	0.121177833401435	-0.273872654270248	0.1	0.136	1
"HNRNPAB"	0.125214557447394	0.275023536209324	0.187	0.156	1
"C22orf29"	0.128184839299477	-0.264582344981698	0.08	0.111	1
"RP11-295P9.3"	0.128472282530709	0.250671579675093	0.108	0.079	1
"DLEU1"	0.129194901682341	0.264378693485962	0.104	0.076	1
"SLC38A9"	0.138208409957961	0.288997498555098	0.112	0.084	1
"CYP20A1"	0.145733651961661	-0.250197945312193	0.179	0.215	1
"SRSF9"	0.156066061488719	0.2730917744426	0.171	0.142	1
"NAAA"	0.158791323978887	0.253448844510924	0.151	0.12	1
"ACTN1"	0.158829506264304	0.381456300659308	0.311	0.287	1
"INTS3"	0.163940532431333	0.2630020780446	0.251	0.222	1
"BCAS4"	0.184155218117032	0.263845772607757	0.207	0.177	1
"PLAGL1"	0.202790378104644	-0.257704515454116	0.08	0.103	1
"YWHAH"	0.261162556316847	0.274640456682024	0.151	0.129	1
"TTL"	0.364905330789969	0.28944032492835	0.175	0.16	1
